// T=100ms; incrementos no led de 50/255.
0
0
53
43
0
0
19
9
48
0
43
29
0
39
9
29
0
24
14
0
0
0
14
14
9
0
0
19
0
0
0
0
0
Step
1842
2121
2072
1989
1945
2038
2248
2126
2033
1964
2077
2272
2155
2057
1999
2052
2248
2165
2091
1999
2057
2272
2150
2077
1994
2086
2262
2145
2047
1994
2106
2238
2140
2062
1994
2160
2253
2126
2047
1989
2174
2258
2135
2052
1979
2174
2238
2140
2067
2003
Step
2820
2903
2761
2673
2609
2844
2917
2785
2683
2634
2825
2903
2776
2668
2619
2829
2922
2751
2683
2619
2839
2898
2781
2683
2609
2825
2913
2771
2673
2624
2844
2903
2761
2658
2668
2854
2869
2756
2658
2688
2864
2869
2741
2639
2678
2849
2869
2751
2634
2697
Step
3186
3235
3113
2996
3123
3181
3230
3098
2996
3123
3191
3240
3103
2986
3123
3196
3225
3093
2996
3123
3191
3235
3108
3010
3128
3191
3240
3103
3005
3108
3191
3235
3088
2971
3147
3191
3206
3074
3015
3142
3196
3196
3079
3020
3142
3196
3196
3069
3040
3147
Step
3391
3406
3299
3338
3372
3401
3421
3294
3338
3382
3391
3396
3299
3338
3362
3396
3401
3284
3333
3377
3401
3406
3289
3333
3362
3396
3416
3294
3328
3357
3382
3401
3289
3323
3362
3382
3391
3269
3328
3377
3401
3411
3274
3347
3367
3406
3382
3269
3343
3377
Step
107
14
0
0
34
9
