// 5ms sampling time, 50 in led steps
9
14
4
9
9
4
4
4
9
9
4
4
4
9
9
9
4
9
9
9
4
4
9
9
9
4
4
4
4
4
9
4
4
4
9
9
4
4
9
9
4
4
4
9
9
4
4
4
4
4
4
4
4
9
9
9
4
4
4
9
9
9
4
4
9
9
4
4
4
9
9
4
4
4
9
9
4
4
9
9
9
9
4
4
9
9
4
4
9
4
9
4
9
4
4
9
9
4
0
4
4
4
9
4
4
4
9
9
4
4
9
9
9
4
9
4
9
4
4
4
4
9
9
4
4
4
9
9
4
4
9
9
9
9
4
9
9
9
9
4
9
4
9
9
4
9
9
9
4
4
9
9
9
4
9
4
4
4
9
4
4
9
9
9
4
4
4
4
9
4
4
9
4
9
4
4
4
9
4
4
4
4
9
9
9
4
4
9
4
4
4
4
9
9
4
4
14
9
9
4
9
9
9
4
4
4
9
9
4
4
9
9
9
9
9
Step
195
513
816
1089
1300
1446
1573
1666
1720
1774
1813
1837
1867
1867
1901
1915
1925
1940
1964
1955
1964
1969
1974
1989
1974
1994
2003
1999
2003
2028
2008
2018
2018
2028
2028
2018
2028
2038
2028
2033
2047
2038
2052
2047
2052
2052
2038
2052
2062
2052
2062
2067
2057
2067
2062
2067
2067
2057
2067
2077
2067
2072
2077
2072
2082
2072
2077
2077
2067
2082
2082
2072
2082
2086
2077
2086
2077
2082
2086
2082
2082
2086
2082
2091
2091
2086
2091
2082
2086
2091
2082
2086
2091
2086
2096
2091
2091
2091
2091
2091
2096
2082
2091
2091
2086
2101
2101
2091
2096
2096
2091
2101
2086
2096
2101
2096
2101
2101
2091
2101
2101
2096
2106
2091
2101
2101
2096
2101
2101
2091
2101
2101
2096
2101
2091
2101
2101
2101
2101
2106
2101
2106
2101
2106
2101
2091
2111
2106
2101
2106
2106
2101
2111
2101
2101
2101
2096
2111
2101
2101
2106
2111
2101
2116
2106
2111
2106
2096
2106
2101
2101
2111
2116
2101
2111
2101
2106
2106
2101
2111
2121
2101
2111
2111
2101
2106
2101
2111
2106
2101
2111
2116
2101
2111
2111
2106
2111
2106
2116
2111
2101
2106
2121
2101
2116
2116
2106
2106
2096
2111
2111
2101
2111
2126
2101
2111
2111
2111
2111
2096
2111
2111
2101
2116
2130
2101
2111
2111
2111
2111
2101
2111
2111
2101
2111
2121
2101
2111
2116
2116
2111
2096
2111
2106
2101
2116
2121
2106
2116
2116
2111
2111
2096
2116
2111
2101
2116
2116
2111
2111
2116
2111
2111
2101
2111
2116
2106
2111
2116
2106
2116
2116
2111
2111
2096
2111
2116
2106
2111
2121
2116
2111
2116
2111
2116
2096
2116
2116
2106
2111
2116
2111
2111
2111
2111
2116
2101
2121
2116
2101
2116
2121
2116
2111
2111
2116
2116
2101
2116
2116
2111
2111
2121
2111
2116
2111
2116
2116
2101
2116
2116
2111
2116
2126
2111
2111
2111
2116
2116
2101
2111
2116
2111
2111
2121
2111
2121
2111
2121
2116
2101
2111
2116
2111
2116
2121
2116
2116
2111
2121
2116
2106
2116
2116
2111
2116
2116
2111
2121
2106
2111
2116
2106
2116
2121
2111
2116
2121
2116
2121
2111
2116
2116
2116
2116
2126
2101
2106
2111
2116
2116
2106
2111
2116
2106
2116
2130
2111
2116
2116
2116
2116
2106
2116
2121
2111
2116
2130
2111
2121
2116
2116
2116
2101
2116
2121
2106
2116
2121
2111
2126
2116
2116
2116
2101
2111
2121
2106
2116
2126
2116
2121
2116
2111
2116
2106
2116
2116
2111
2116
2126
2116
2121
2116
2111
2116
2106
2116
2116
2106
2116
2121
2121
2121
2116
2116
2121
2106
2116
2116
2106
2126
2121
2111
2116
2116
2111
2126
2101
2116
2121
2116
2121
2121
2111
2116
2116
2116
2126
2106
2116
2116
2116
2116
2126
2116
2116
2121
2111
2116
2106
2116
2116
2111
2116
2121
2116
2121
2116
2116
2116
2106
2121
2121
2111
2116
2121
2111
2126
2111
2111
2116
2106
2121
2116
2111
2121
2121
2111
2121
2116
2121
2116
2111
2121
2126
2111
2116
2121
2111
2116
2106
2121
2121
2121
2116
2121
2111
2121
2121
2116
2121
2106
2121
2116
2111
2116
2126
2111
2121
2121
2116
2116
2106
2121
2116
2111
2121
2126
2111
2126
2116
2116
2121
2106
2116
2116
2101
2111
2121
2106
2116
2116
2111
2116
2111
2121
2116
2111
2121
2126
2116
2121
2116
2116
2116
2111
2116
2116
2111
2126
2126
2116
2116
2116
2121
2116
2111
2116
2126
2111
2126
2121
2111
2116
2116
2126
2116
2106
2121
2121
2111
2121
2121
2111
2116
2116
2116
2121
2111
2121
2135
2111
2116
2121
2111
2121
2121
2121
2116
2106
2121
2126
2111
2116
2121
2126
2121
2106
2116
2116
2106
2121
2126
2111
2121
2121
2121
2116
2106
2116
2121
2106
2126
2126
2111
2116
2121
2121
2116
2106
2116
2126
2106
2116
2121
2111
2121
2126
2121
2116
2106
2116
2121
2111
2121
2126
2116
2121
2121
2116
2121
2111
2121
2121
2111
2121
2121
2121
2116
2116
2116
2121
2111
2126
2121
2111
2116
2126
2116
2121
2116
2121
2121
2106
2126
2121
2111
2116
2121
2116
2121
2111
2116
2126
2111
2121
2130
2111
2116
2126
2116
2121
2116
2121
2121
2106
2116
2126
2121
2121
2126
2116
2121
2101
2121
2121
2111
2116
2130
2116
2116
2116
2116
2121
2101
2121
2121
2111
2121
2130
2116
2116
2116
2121
2126
2101
2121
2121
2111
2116
2130
2116
2121
2116
2116
2121
2106
2116
2116
2111
2116
2130
2116
2116
2116
2116
2116
2106
2121
2121
2116
2116
2126
2116
2121
2116
2126
2121
2106
2116
2121
2116
2121
2126
2116
2121
2111
2121
2121
2106
2116
2121
2111
2121
2121
2116
2121
2111
2121
2121
2111
2116
2135
2111
2116
2121
2121
2126
2111
2116
2116
2116
2116
2130
2116
2121
2121
2126
2121
2111
2116
2116
2111
2116
2130
2111
2121
2121
2121
2116
2116
2116
2121
2111
2116
2130
2116
2126
2121
2116
2116
2106
2116
2126
2111
2116
2126
2111
2121
2121
2116
2121
2106
2111
2121
2111
2121
2130
2121
2121
2121
2116
2116
2106
2116
2116
2111
2121
2126
2121
2121
2116
2121
2121
2106
2121
2121
2111
2126
2121
2116
2121
2121
2116
2121
2111
2116
2116
2111
2121
2121
2116
2121
2121
2116
2126
2106
2116
2121
2111
2121
2121
2111
2121
2121
2116
2121
2111
2121
2116
2116
2121
2126
2111
2121
2121
2116
2121
2106
2121
2116
2116
2121
2126
2116
2126
2121
2111
2116
2106
2126
2121
2116
2121
2121
2111
2126
2116
2116
2116
2116
2126
2116
2111
2121
2126
2116
2121
2116
2116
2116
2111
2121
2116
2111
2126
2126
2116
2121
2111
2116
2116
2116
2121
2130
2111
2126
2121
2111
2121
2111
2126
2116
2111
2121
2126
2111
2126
2121
2116
2116
2101
2121
2116
2111
2116
2135
2116
2126
2121
2116
2116
2106
2121
2121
2121
2116
2130
2111
Step
2233
2424
2546
2634
2683
2702
2737
2727
2737
2761
2737
2751
2761
2751
2756
2771
2756
2776
2756
2766
2771
2746
2766
2766
2766
2766
2771
2761
2781
2761
2776
2781
2751
2766
2776
2766
2766
2771
2761
2785
2766
2776
2781
2756
2766
2781
2761
2771
2766
2771
2790
2761
2766
2781
2756
2771
2785
2766
2771
2771
2766
2785
2761
2766
2776
2766
2771
2781
2766
2771
2771
2776
2785
2766
2771
2781
2761
2771
2776
2761
2776
2771
2771
2790
2771
2771
2781
2761
2766
2776
2766
2781
2771
2766
2785
2766
2766
2785
2761
2771
2776
2766
2781
2771
2766
2785
2771
2766
2790
2761
2766
2776
2766
2776
2776
2766
2785
2776
2766
2781
2761
2771
2776
2776
2776
2771
2766
2790
2766
2771
2781
2756
2776
2776
2771
2771
2771
2766
2785
2771
2771
2781
2761
2776
2776
2771
2771
2771
2766
2795
2766
2771
2781
2761
2771
2771
2761
2781
2781
2766
2790
2766
2771
2776
2771
2766
2771
2766
2771
2776
2766
2785
2766
2776
2781
2771
2776
2776
2761
2776
2771
2761
2785
2771
2781
2781
2761
2771
2776
2766
2781
2771
2766
2785
2766
2776
2776
2761
2771
2776
2761
2781
2776
2771
2785
2771
2776
2781
2761
2776
2781
2761
2771
2771
2771
2785
2776
2771
2776
2761
2776
2781
2761
2771
2771
2771
2785
2771
2771
2781
2761
2776
2776
2761
2776
2771
2776
2781
2766
2771
2781
2761
2776
2776
2761
2771
2776
2771
2781
2766
2771
2790
2761
2776
2776
2761
2771
2781
2771
2785
2771
2771
2790
2761
2771
2776
2766
2771
2781
2771
2785
2761
2776
2785
2756
2771
2776
2771
2776
2776
2766
2785
2766
2776
2781
2756
2766
2776
2771
2771
2771
2771
2785
2766
2781
2781
2756
2771
2776
2766
2776
2776
2771
2790
2766
2771
2781
2761
2771
2781
2761
2771
2771
2771
2790
2766
2771
2776
2766
2771
2785
2766
2776
2771
2776
2785
2766
2771
2781
2766
2771
2776
2766
2776
2776
2776
2785
2766
2771
2781
2761
2766
2776
2766
2781
2771
2771
2785
2766
2766
2785
2761
2771
2776
2761
2781
2771
2766
2781
2766
2766
2790
2761
2771
2771
2766
2776
2771
2766
2785
2761
2766
2781
2761
2771
2776
2776
2776
2771
2766
2790
2776
2766
2781
2756
2771
2776
2776
2776
2776
2766
2785
2766
2766
2781
2766
2781
2771
2766
2771
2776
2766
2795
2766
2771
2781
2761
2776
2771
2761
2771
2781
2771
2790
2756
2771
2776
2766
2771
2776
2766
2776
2776
2766
2785
2756
2771
2776
2766
2776
2771
2766
2776
2776
2766
2785
2756
2776
2776
2766
2771
2776
2766
2781
2771
2771
2781
2756
2776
2776
2761
2771
2776
2766
2785
2771
2771
2781
2756
2771
2776
2761
2771
2785
2761
2776
2771
2766
2785
2766
2771
2776
2761
2771
2781
2761
2771
2766
2771
2785
2761
2771
2781
2756
2776
2776
2766
2776
2776
2771
2781
2756
2771
2781
2761
2781
2776
2766
2771
2771
2771
2781
2751
2776
2781
2761
2776
2776
2761
2771
2776
2766
2781
2751
2771
2785
2761
2776
2776
2766
2771
2781
2771
2781
2761
2771
2781
2756
2771
2776
2771
2771
2776
2766
2785
2756
2771
2781
2761
2771
2776
2771
2771
2771
2766
2785
2756
2781
2781
2761
2771
2776
2766
2771
2771
2771
2790
2751
2771
2781
2761
2771
2781
2766
2771
2771
2766
2785
2756
2771
2776
2766
2776
2785
2766
2771
2766
2771
2790
2756
2771
2781
2766
2771
2776
2766
2771
2771
2776
2781
2756
2771
2781
2766
2766
2776
2766
2776
2766
2776
2785
2751
2771
2781
2761
2771
2776
2761
2781
2766
2771
2781
2761
2766
2795
2761
2766
2776
2761
2771
2761
2761
2776
2751
2761
2785
2756
2766
2771
2766
2771
2766
2771
2790
2761
2771
2781
2761
2771
2771
2771
2771
2771
2771
2785
2756
2771
2781
2761
2776
2776
2766
2776
2771
2766
2790
2756
2771
2781
2761
2776
2771
2761
2771
2776
2771
2795
2761
2771
2776
2766
2771
2771
2771
2776
2771
2766
2790
2756
2771
2776
2766
2771
2776
2766
2776
2776
2766
2785
2761
2776
2781
2771
2771
2771
2766
2781
2776
2766
2785
2756
2776
2776
2761
2771
2771
2761
2781
2771
2771
2781
2761
2771
2776
2766
2771
2776
2766
2781
2776
2771
2781
2761
2771
2776
2756
2776
2781
2761
2776
2771
2766
2785
2766
2771
2781
2761
2771
2776
2766
2776
2771
2776
2781
2761
2771
2776
2761
2781
2771
2766
2776
2776
2776
2781
2756
2771
2781
2761
2781
2776
2766
2776
2771
2771
2781
2756
2766
2785
2756
2776
2776
2761
2771
2776
2771
2781
2756
2771
2781
2756
2771
2776
2771
2776
2776
2771
2781
2756
2771
2776
2756
2771
2776
2776
2771
2776
2766
2781
2751
2781
2781
2761
2771
2776
2771
2771
2771
2771
2790
2756
2776
2776
2761
2771
2776
2771
2771
2776
2771
2790
2756
2771
2776
2761
2766
2781
2766
2771
2771
2766
2785
2756
2771
2781
2761
2766
2781
2766
2771
2766
2771
2781
2756
2771
2776
2766
2766
2771
2766
2776
2771
2776
2781
2751
2771
2776
2766
2771
2771
2766
2781
2771
2771
2781
2756
2766
2781
2761
2771
2771
2766
2781
2766
2771
2785
2761
2766
2785
2761
2771
2776
2766
2776
2766
2766
2781
2761
2766
2781
2761
2766
2776
2776
2776
2766
2766
2785
2761
2766
2781
2761
2776
2776
2776
2776
2771
2766
2785
2756
2766
2781
2761
2781
2771
2766
2776
2771
2766
2795
2761
2771
2776
2766
2771
2771
2771
2776
2771
2771
2790
2756
2766
2781
2766
2771
2771
2766
2776
2776
2766
2781
2756
2766
2781
2771
2771
2776
2766
2776
2771
2766
2781
2751
2776
2781
2766
2771
2776
2761
2781
2776
2771
2785
2761
2776
2781
2761
2771
2776
2766
2785
2771
2766
2781
2756
2776
2776
2761
2776
2781
2766
2776
2766
2766
2785
2761
2771
2776
2761
2771
2781
2766
2771
2771
2766
2776
2771
2771
2776
Step
2864
2976
3044
3059
3103
3103
3108
3123
3123
3113
3123
3103
3128
3132
3103
3132
3128
3123
3132
3123
3118
3132
3113
3132
3128
3108
3137
3128
3123
3137
3128
3123
3142
3108
3128
3128
3113
3137
3142
3123
3137
3128
3123
3137
3113
3123
3128
3123
3142
3142
3118
3137
3128
3128
3132
3108
3128
3132
3123
3142
3132
3118
3137
3128
3132
3137
3108
3128
3132
3123
3137
3128
3118
3142
3128
3128
3132
3108
3128
3137
3118
3142
3132
3118
3142
3123
3123
3132
3113
3123
3142
3118
3137
3128
3118
3137
3128
3123
3137
3118
3128
3132
3113
3142
3128
3128
3137
3123
3128
3137
3123
3123
3132
3118
3142
3132
3128
3137
3123
3118
3132
3118
3123
3132
3118
3147
3128
3123
3137
3128
3123
3142
3113
3128
3132
3113
3142
3128
3118
3132
3132
3118
3142
3113
3123
3132
3118
3142
3128
3118
3132
3132
3123
3137
3113
3128
3128
3128
3142
3128
3118
3137
3128
3118
3137
3113
3132
3128
3123
3142
3128
3123
3137
3128
3123
3132
3118
3137
3128
3118
3142
3128
3118
3152
3132
3123
3132
3113
3132
3128
3118
3142
3132
3118
3137
3128
3123
3132
3118
3128
3128
3113
3137
3132
3118
3137
3128
3128
3132
3123
3128
3128
3113
3142
3132
3123
3137
3123
3128
3128
3118
3128
3132
3118
3147
3132
3113
3137
3128
3128
3128
3113
3128
3132
3113
3147
3128
3113
3137
3128
3128
3132
3113
3128
3137
3118
3147
3132
3123
3137
3132
3123
3132
3113
3128
3132
3113
3137
3128
3118
3132
3132
3118
3132
3113
3137
3132
3118
3137
3128
3128
3132
3128
3118
3128
3113
3137
3132
3113
3137
3128
3128
3132
3128
3123
3137
3108
3132
3128
3118
3142
3132
3123
3132
3123
3123
3137
3113
3128
3132
3118
3137
3137
3118
3132
3123
3123
3142
3113
3128
3128
3118
3137
3132
3123
3132
3123
3128
3137
3108
3132
3132
3123
3142
3132
3118
3137
3123
3132
3128
3108
3128
3132
3118
3137
3128
3118
3142
3128
3128
3137
3113
3128
3137
3118
3137
3128
3118
3132
3123
3123
3128
3108
3123
3137
3118
3132
3128
3118
3132
3118
3118
3128
3118
3128
3132
3113
3137
3128
3123
3132
3123
3118
3128
3118
3128
3128
3113
3137
3123
3123
3132
3123
3123
3137
3113
3128
3128
3118
3142
3123
3118
3132
3123
3118
3137
3113
3123
3128
3113
3137
3123
3118
3132
3123
3123
3137
3108
3137
3128
3113
3142
3123
3108
3123
3128
3118
3132
3108
3137
3128
3128
3132
3128
3118
3137
3128
3118
3128
3108
3147
3123
3123
3137
3147
3098
3113
3113
3113
3128
3098
3137
3123
3108
3132
3123
3113
3142
3123
3118
3128
3103
3137
3118
3113
3132
3128
3108
3132
3118
3118
3128
3113
3137
3123
3113
3137
3132
3113
3132
3113
3113
3118
3113
3132
3123
3103
3132
3118
3113
3128
3123
3128
3123
3108
3137
3128
3113
3147
3123
3113
3132
3123
3123
3128
3108
3137
3132
3113
3142
3123
3113
3128
3123
3123
3128
3113
3137
3137
3108
3132
3123
3113
3132
3128
3118
3132
3108
3137
3132
3108
3132
3128
3123
3128
3123
3118
3123
3108
3147
3128
3108
3132
3118
3118
3128
3123
3118
3128
3108
3147
3123
3108
3137
3128
3118
3128
3123
3118
3137
3108
3142
3128
3113
3132
3132
3118
3132
3123
3123
3132
3103
3137
3128
3113
3132
3132
3113
3128
3123
3123
3132
3108
3137
3123
3118
3128
3128
3118
3132
3123
3128
3132
3103
3147
3123
3118
3132
3128
3113
3137
3118
3128
3128
3108
3132
3128
3118
3137
3128
3118
3142
3118
3128
3132
3108
3132
3132
3113
3137
3123
3123
3137
3118
3123
3132
3118
3132
3132
3113
3132
3128
3123
3132
3123
3123
3128
3118
3137
3128
3118
3137
3128
3128
3132
3118
3123
3132
3113
3137
3132
3118
3142
3123
3123
3128
3123
3123
3137
3113
3132
3128
3118
3137
3128
3118
3132
3123
3118
3142
3108
3137
3128
3118
3142
3123
3118
3132
3128
3118
3132
3118
3142
3128
3123
3137
3123
3123
3132
3128
3123
3128
3113
3142
3128
3128
3132
3123
3118
3137
3123
3118
3128
3113
3147
3132
3123
3137
3128
3118
3137
3123
3128
3132
3118
3147
3128
3118
3132
3132
3118
3137
3118
3123
3128
3118
3137
3128
3113
3132
3128
3118
3137
3123
3128
3132
3123
3142
3128
3113
3137
3128
3118
3132
3108
3132
3132
3118
3137
3128
3113
3142
3123
3118
3132
3108
3132
3128
3113
3137
3128
3108
3147
3128
3118
3128
3113
3128
3128
3118
3142
3132
3113
3137
3128
3118
3132
3118
3123
3132
3108
3137
3132
3113
3137
3128
3123
3132
3123
3128
3128
3113
3137
3128
3118
3137
3128
3128
3132
3118
3128
3132
3108
3147
3132
3118
3137
3128
3128
3128
3113
3123
3137
3113
3152
3128
3118
3132
3128
3123
3132
3113
3123
3137
3113
3142
3128
3118
3132
3132
3128
3132
3108
3128
3132
3118
3142
3132
3123
3132
3132
3123
3128
3108
3132
3132
3108
3142
3128
3128
3132
3128
3118
3137
3108
3137
3132
3113
3137
3132
3123
3132
3128
3118
3137
3108
3132
3132
3113
3137
3132
3123
3137
3128
3123
3137
3108
3123
3132
3118
3137
3137
3118
3132
3128
3123
3137
3108
3128
3132
3123
3137
3132
3118
3137
3123
3128
3132
3113
3128
3128
3118
3132
3128
3118
3137
3123
3132
3128
3113
3128
3132
3118
3137
3123
3123
3142
3123
3128
3132
3113
3128
3137
3118
3132
3128
3118
3142
3128
3118
3132
3118
3128
3132
3113
3132
3128
3118
3137
3123
3128
3132
3123
3128
3132
3113
3142
3128
3132
3132
3123
3123
3137
3113
3128
3132
3118
3137
3128
3123
3132
3123
3123
3137
3113
3128
3128
3118
3147
3123
3118
3137
3128
3123
3142
3108
3123
3128
3118
3142
3128
3123
3132
3132
3123
3132
3113
3128
3123
3123
3137
3128
3123
3132
3128
3123
3132
3108
3128
3128
3123
3137
3128
3118
3137
3128
3118
3128
3113
3142
Step
3211
3269
3318
3333
3328
3362
3352
3343
3362
3352
3377
3357
3338
3362
3362
3343
3372
3357
3352
3367
3362
3372
3362
3343
3367
3372
3347
3367
3357
3357
3367
3367
3367
3357
3343
3367
3367
3347
3362
3362
3357
3367
3367
3367
3362
3343
3367
3362
3347
3367
3362
3362
3367
3357
3367
3362
3343
3377
3362
3343
3367
3362
3357
3362
3362
3367
3367
3343
3372
3367
3343
3367
3372
3362
3362
3357
3367
3367
3343
3372
3362
3347
3362
3367
3357
3362
3357
3372
3372
3343
3367
3362
3357
3367
3367
3352
3362
3357
3377
3362
3343
3362
3362
3357
3367
3362
3352
3362
3357
3382
3367
3347
3367
3367
3352
3362
3362
3352
3362
3357
3367
3362
3347
3367
3367
3347
3357
3362
3367
3367
3357
3372
3362
3352
3367
3372
3347
3367
3362
3372
3367
3357
3372
3367
3357
3367
3367
3347
3362
3362
3372
3362
3357
3372
3362
3352
3362
3362
3347
3372
3357
3372
3367
3357
3372
3367
3347
3367
3357
3347
3372
3362
3372
3362
3357
3367
3372
3343
3362
3362
3352
3367
3357
3367
3367
3362
3367
3372
3343
3367
3362
3352
3367
3357
3362
3367
3367
3367
3362
3343
3367
3357
3352
3367
3362
3367
3367
3362
3367
3362
3343
3372
3362
3352
3367
3362
3362
3367
3357
3362
3362
3347
3372
3357
3347
3367
3362
3367
3377
3357
3362
3362
3343
3367
3357
3347
3362
3367
3362
3367
3357
3367
3357
3352
3367
3362
3352
3362
3367
3367
3362
3357
3372
3362
3352
3367
3362
3352
3367
3362
3362
3362
3357
3377
3362
3347
3367
3362
3347
3377
3362
3367
3362
3357
3367
3357
3343
3367
3362
3347
3372
3357
3367
3362
3362
3372
3362
3343
3367
3372
3347
3362
3357
3362
3367
3367
3367
3362
3343
3367
3367
3347
3362
3362
3372
3362
3362
3372
3362
3343
3372
3362
3347
3362
3362
3372
3362
3357
3367
3362
3343
3372
3362
3352
3362
3362
3372
3362
3357
3367
3367
3343
3367
3362
3347
3362
3367
3367
3362
3357
3367
3367
3338
3362
3362
3347
3362
3372
3367
3357
3352
3362
3362
3338
3367
3357
3362
3362
3367
3372
3362
3352
3377
3362
3343
3367
3362
3357
3367
3362
3372
3367
3352
3372
3357
3343
3367
3367
3352
3362
3357
3367
3367
3357
3372
3362
3343
3367
3372
3352
3362
3357
3367
3367
3352
3367
3362
3347
3362
3372
3352
3362
3357
3372
3362
3357
3367
3357
3352
3362
3362
3352
3362
3357
3377
3362
3352
3367
3367
3352
3362
3362
3352
3367
3357
3372
3367
3352
3367
3367
3347
3362
3362
3352
3372
3352
3372
3362
3357
3367
3372
3347
3367
3362
3352
3367
3357
3367
3357
3362
3367
3367
3343
3362
3357
3357
3367
3357
3372
3362
3357
3367
3362
3343
3367
3357
3357
3362
3362
3367
3367
3357
3362
3362
3347
3372
3362
3357
3367
3362
3367
3372
3343
3367
3362
3343
3367
3357
3352
3362
3362
3372
3372
3343
3362
3357
3347
3362
3357
3352
3362
3362
3367
3367
3338
3367
3357
3357
3362
3357
3352
3367
3362
3362
3362
3343
3367
3357
3352
3362
3357
3352
3367
3362
3367
3362
3343
3372
3357
3347
3367
3362
3352
3377
3357
3367
3362
3343
3367
3362
3343
3367
3367
3352
3367
3357
3367
3357
3352
3372
3362
3343
3367
3367
3352
3362
3362
3367
3357
3352
3367
3362
3343
3367
3362
3347
3362
3362
3372
3357
3347
3362
3357
3347
3372
3362
3347
3362
3357
3372
3362
3347
3367
3367
3347
3377
3357
3352
3362
3357
3367
3362
3343
3367
3372
3343
3367
3357
3352
3362
3367
3367
3362
3343
3367
3367
3347
3362
3357
3357
3362
3362
3367
3362
3343
3372
3367
3343
3362
3357
3357
3362
3362
3367
3362
3343
3372
3362
3343
3362
3362
3357
3357
3357
3367
3367
3343
3367
3357
3343
3362
3367
3357
3362
3357
3367
3372
3338
3367
3362
3343
3362
3367
3357
3362
3357
3372
3367
3343
3367
3362
3352
3362
3362
3352
3362
3357
3372
3362
3338
3367
3362
3352
3362
3362
3357
3362
3357
3377
3362
3343
3362
3357
3347
3367
3362
3352
3367
3352
3372
3357
3343
3362
3367
3343
3362
3362
3367
3367
3352
3367
3357
3343
3367
3372
3347
3362
3357
3372
3367
3357
3367
3362
3347
3362
3367
3347
3362
3357
3372
3362
3352
3367
3362
3347
3362
3362
3347
3367
3357
3372
3357
3352
3367
3362
3343
3362
3362
3347
3372
3362
3362
3362
3357
3362
3372
3343
3362
3357
3347
3362
3357
3362
3362
3362
3367
3367
3343
3362
3357
3352
3367
3352
3362
3362
3362
3362
3362
3343
3367
3357
3357
3367
3362
3362
3362
3362
3367
3362
3338
3367
3357
3352
3362
3357
3362
3372
3357
3367
3362
3343
3372
3357
3347
3362
3357
3367
3372
3357
3367
3357
3343
3367
3357
3343
3362
3367
3367
3362
3357
3367
3357
3352
3367
3357
3347
3362
3367
3362
3362
3357
3372
3357
3347
3362
3362
3347
3367
3362
3362
3362
3357
3372
3357
3343
3362
3357
3343
3372
3357
3367
3362
3357
3372
3357
3338
3362
3367
3347
3367
3362
3367
3362
3357
3367
3352
3343
3362
3367
3343
3362
3357
3367
3362
3362
3367
3357
3338
3362
3362
3343
3362
3357
3367
3357
3362
3362
3362
3343
3372
3357
3347
3362
3362
3372
3357
3352
3372
3362
3343
3372
3362
3347
3362
3357
3362
3362
3357
3362
3367
3343
3367
3362
3347
3362
3367
3367
3357
3357
3367
3362
3338
3367
3362
3352
3362
3367
3362
3362
3352
3362
3367
3343
3362
3362
3352
3357
3362
3362
3357
3357
3372
3362
3343
3362
3357
3352
3357
3357
3367
3362
3352
3372
3362
3343
3367
3362
3352
3357
3357
3362
3367
3357
3372
3362
3343
3362
3362
3347
3357
3352
3372
3367
3352
3367
3357
3343
3362
3367
3347
3362
3362
3367
3362
3352
3367
3357
3352
3357
3357
3347
3367
3357
3372
3357
3352
3372
3362
3347
3362
3357
3347
3367
3362
3377
3362
3352
3362
3362
3343
Step
2991
2531
2111
1754
1451
1202
997
835
698
586
498
425
361
312
273
239
205
185
161
151
131
122
112
102
92
83
83
73
73
63
58
63
53
48
48
48
43
43
39
39
39
39
29
34
34
29
29
29
29
29
29
24
19
24
19
24
24
19
24
19
19
19
19
19
14
19
19
14
19
19
9
14
14
14
14
9
14
14
14
14
9
9
14
9
9
9
14
14
9
9
9
9
9
9
4
14
9
4
9
9
14
9
9
9
9
4
