// 5ms sampling, steps 50 no led ldr a apontar para cima
29
29
29
24
29
19
19
24
24
24
29
19
29
24
29
29
24
24
29
29
24
29
29
24
24
24
34
29
24
24
19
29
24
24
29
24
24
24
24
29
24
24
24
24
24
24
29
24
29
24
24
29
24
29
24
24
24
29
24
24
24
29
24
29
24
24
29
24
29
24
29
24
24
29
24
24
29
24
29
24
24
29
19
29
24
29
24
24
29
24
24
29
24
24
24
24
24
24
29
29
29
24
24
29
24
29
24
34
24
24
29
24
29
29
29
29
24
29
29
29
29
24
29
24
24
29
24
29
24
29
24
24
24
24
24
24
19
29
24
29
29
24
29
24
29
29
24
29
24
24
24
29
29
24
29
24
24
24
19
24
24
24
24
24
29
24
24
29
24
29
29
24
29
19
29
29
24
29
29
29
24
29
34
24
29
24
29
24
19
29
24
24
24
29
24
24
29
29
24
29
24
29
24
24
29
24
29
24
24
29
24
29
24
24
24
24
29
24
24
24
29
29
24
29
24
24
24
24
29
24
29
29
24
24
24
29
29
24
24
29
29
29
24
29
24
24
24
29
29
19
29
24
24
29
29
29
24
29
29
24
29
24
29
29
24
29
24
29
24
29
29
24
24
24
24
29
24
29
24
24
24
29
29
24
24
29
24
29
24
24
24
19
29
29
29
24
24
29
24
24
29
24
24
29
24
24
24
29
24
24
29
24
29
24
29
29
24
29
29
29
24
29
29
19
29
29
29
29
29
29
29
24
29
24
29
29
24
24
24
24
29
29
24
29
29
24
29
24
24
29
24
29
24
29
29
24
29
29
29
29
Step
347
625
860
1045
1187
1290
1358
1436
1480
1510
1549
1583
1588
1608
1622
1632
1647
1637
1661
1671
1671
1686
1700
1691
1695
1705
1705
1715
1700
1715
1720
1715
1725
1739
1730
1735
1739
1739
1744
1725
1744
1744
1744
1749
1764
1754
1759
1759
1764
1759
1744
1759
1764
1759
1764
1779
1764
1769
1774
1769
1774
1759
1774
1779
1769
1779
1783
1774
1783
1779
1779
1783
1774
1783
1788
1779
1783
1793
1783
1783
1788
1788
1793
1774
1788
1793
1783
1793
1803
1793
1798
1793
1793
1798
1788
1788
1793
1783
1798
1803
1798
1798
1798
1793
1798
1788
1798
1798
1793
1798
1808
1798
1798
1803
1798
1803
1788
1798
1803
1798
1803
1808
1793
1803
1808
1798
1808
1793
1803
1808
1798
1803
1813
1798
1803
1813
1803
1808
1793
1803
1803
1803
1808
1813
1803
1808
1813
1808
1808
1793
1808
1803
1808
1813
1818
1803
1808
1808
1803
1808
1798
1818
1813
1808
1813
1818
1808
1818
1813
1808
1808
1798
1813
1813
1808
1808
1823
1808
1813
1813
1813
1813
1803
1813
1813
1808
1813
1823
1808
1813
1813
1813
1813
1808
1813
1813
1808
1818
1827
1813
1818
1813
1813
1813
1803
1818
1813
1813
1823
1827
1808
1813
1818
1818
1818
1803
1818
1818
1808
1818
1827
1808
1818
1818
1813
1818
1803
1818
1818
1808
1818
1823
1813
1818
1823
1818
1818
1803
1813
1818
1808
1818
1827
1818
1818
1823
1813
1818
1808
1823
1823
1808
1818
1827
1818
1818
1818
1813
1818
1803
1823
1823
1808
1818
1827
1818
1818
1818
1818
1823
1803
1818
1818
1813
1818
1827
1813
1823
1823
1818
1823
1803
1818
1818
1813
1818
1832
1818
1818
1823
1818
1823
1803
1818
1823
1813
1818
1827
1818
1818
1823
1823
1823
1803
1823
1823
1823
1818
1832
1818
1823
1823
1827
1823
1808
1823
1823
1813
1818
1827
1813
1823
1823
1823
1823
1808
1818
1827
1813
1823
1832
1818
1823
1823
1823
1823
1808
1818
1823
1818
1827
1827
1818
1823
1823
1823
1823
1813
1823
1823
1813
1818
1827
1823
1823
1823
1818
1823
1818
1823
1823
1818
1823
1827
1818
1823
1823
1823
1827
1813
1823
1823
1818
1827
1827
1818
1823
1827
1823
1827
1808
1823
1823
1818
1823
1827
1823
1823
1827
1823
1827
1808
1823
1823
1823
1827
1827
1818
1823
1827
1823
1827
1818
1823
1823
1823
1823
1827
1818
1823
1823
1823
1823
1813
1827
1823
1818
1823
1827
1818
1832
1823
1823
1823
1808
1827
1823
1818
1823
1827
1818
1827
1827
1823
1823
1813
1823
1823
1823
1827
1832
1818
1827
1823
1818
1823
1818
1827
1827
1818
1827
1837
1818
1823
1823
1823
1823
1818
1827
1823
1818
1823
1827
1818
1823
1827
1827
1823
1813
1823
1823
1818
1827
1827
1823
1827
1827
1827
1823
1813
1823
1823
1823
1827
1832
1823
1827
1827
1823
1823
1813
1823
1832
1818
1827
1827
1823
1823
1827
1823
1823
1813
1827
1827
1818
1827
1832
1823
1823
1823
1823
1823
1813
1827
1827
1818
1827
1832
1827
1832
1827
1827
1827
1818
1832
1832
1823
1832
1842
1827
1832
1832
1832
1837
1818
1832
1832
1832
1832
1847
1832
1832
1832
1827
1837
1823
1832
1837
1823
1832
1842
1827
1832
1832
1832
1837
1823
1837
1837
1827
1832
1837
1832
1837
1837
1837
1837
1823
1832
1832
1827
1832
1837
1827
1832
1832
1837
1832
1823
1832
1837
1827
1837
1837
1832
1837
1832
1832
1832
1818
1832
1837
1827
1832
1837
1832
1832
1832
1832
1837
1827
1837
1837
1827
1832
1837
1837
1837
1837
1837
1837
1837
1837
1837
1827
1837
1842
1837
1837
1837
1832
1837
1823
1837
1837
1827
1837
1842
1837
1842
1837
1832
1837
1823
1832
1832
1827
1842
1842
1832
1837
1837
1832
1842
1827
1837
1837
1832
1842
1847
1832
1837
1837
1832
1837
1827
1842
1837
1837
1837
1847
1832
1837
1842
1837
1837
1827
1837
1837
1837
1837
1842
1832
1842
1842
1837
1842
1827
1842
1837
1837
1842
1852
1837
1847
1842
1837
1837
1827
1842
1832
1832
1837
1847
1837
1842
1842
1837
1837
1827
1842
1837
1837
1837
1852
1832
1842
1837
1837
1837
1837
1842
1837
1832
1837
1847
1837
1842
1842
1842
1842
1832
1837
1837
1832
1847
1852
1832
1842
1842
1842
1837
1827
1837
1842
1832
1847
1852
1837
1842
1842
1837
1837
1832
1842
1842
1832
1837
1847
1832
1837
1842
1837
1842
1827
1842
1847
1832
1837
1847
1837
1837
1847
1842
1837
1827
1842
1837
1832
1837
1847
1837
1842
1842
1837
1837
1823
1842
1842
1827
1842
1852
1842
1842
1842
1837
1842
1827
1842
1837
1837
1842
1857
1837
1837
1842
1842
1842
1832
1842
1842
1832
1842
1857
1837
1837
1842
1837
1842
1832
1837
1842
1837
1842
1852
1842
1842
1847
1842
1842
1827
1842
1842
1837
1842
1852
1837
1842
1842
1847
1842
1827
1837
1842
1837
1837
1852
1842
1842
1837
1842
1842
1823
1837
1842
1832
1837
1847
1837
1842
1837
1837
1842
1827
1837
1847
1832
1837
1847
1837
1837
1842
1837
1837
1832
1842
1842
1832
1837
1847
1842
1842
1842
1837
1842
1832
1837
1842
1832
1842
1852
1837
1837
1842
1837
1837
1827
1837
1842
1837
1847
1852
1837
1842
1842
1842
1847
1827
1842
1842
1837
1847
1852
1837
1842
1842
1837
1842
1832
1842
1842
1832
1842
1847
1837
1842
1847
1842
1842
1832
1837
1837
1837
1842
1847
1837
1842
1847
1837
1842
1827
1842
1842
1842
1842
1852
1837
1847
1842
1837
1842
1832
1847
1842
1837
1847
1852
1837
1847
1842
1837
1842
1827
1842
1842
1837
1837
1852
1832
1837
1837
1832
1837
1832
1837
1837
1827
1837
1847
1832
1842
1842
1837
1837
1823
1832
1837
1832
1842
1847
1832
1837
1837
1837
1832
1823
1832
1837
1832
1842
1847
1832
1837
1837
1837
1837
1827
1832
1837
1832
Step
1940
2116
2228
2321
2390
2399
2429
2448
2453
2482
2463
2468
2478
2463
2473
2487
2473
2478
2482
2478
2497
2478
2478
2487
2482
2482
2492
2478
2482
2487
2487
2497
2482
2487
2497
2482
2487
2497
2478
2487
2487
2492
2502
2482
2482
2497
2478
2487
2492
2482
2497
2492
2482
2497
2482
2482
2502
2478
2487
2492
2482
2492
2492
2482
2497
2482
2482
2497
2478
2487
2492
2487
2492
2492
2487
2502
2497
2487
2502
2482
2492
2497
2497
2497
2497
2487
2507
2482
2487
2497
2482
2497
2497
2492
2497
2492
2487
2507
2478
2487
2502
2487
2497
2497
2487
2497
2492
2487
2512
2478
2487
2502
2492
2497
2492
2487
2492
2497
2487
2507
2482
2492
2497
2492
2497
2492
2487
2497
2497
2482
2502
2478
2492
2497
2487
2492
2497
2487
2502
2492
2487
2502
2482
2502
2497
2487
2492
2497
2487
2502
2492
2487
2502
2482
2497
2502
2487
2492
2497
2482
2492
2492
2487
2502
2487
2492
2497
2478
2487
2497
2482
2492
2487
2492
2502
2487
2492
2497
2482
2497
2497
2487
2497
2492
2492
2507
2482
2497
2497
2482
2497
2497
2482
2497
2492
2497
2502
2482
2492
2497
2482
2502
2497
2487
2502
2497
2497
2502
2482
2487
2507
2482
2497
2497
2492
2497
2502
2492
2502
2482
2492
2502
2487
2492
2502
2492
2492
2502
2487
2502
2478
2497
2502
2487
2492
2502
2492
2492
2492
2492
2507
2482
2497
2502
2482
2492
2497
2497
2507
2492
2492
2502
2473
2492
2492
2482
2492
2497
2487
2502
2482
2482
2507
2478
2487
2492
2482
2487
2502
2487
2497
2482
2492
2502
2482
2487
2497
2487
2492
2497
2487
2502
2487
2492
2502
2478
2487
2497
2487
2487
2497
2487
2502
2487
2492
2497
2478
2487
2497
2487
2492
2492
2487
2507
2482
2492
2502
2478
2487
2507
2487
2487
2492
2487
2507
2487
2492
2497
2482
2492
2502
2487
2492
2487
2492
2507
2482
2492
2502
2492
2487
2497
2487
2497
2497
2497
2507
2487
2487
2497
2487
2492
2497
2487
2497
2492
2492
2507
2478
2492
2507
2482
2492
2497
2487
2497
2487
2487
2507
2482
2487
2512
2482
2487
2492
2487
2492
2497
2487
2507
2482
2487
2502
2487
2487
2497
2492
2497
2492
2487
2507
2482
2487
2502
2487
2492
2497
2492
2492
2492
2487
2507
2482
2492
2502
2487
2497
2497
2487
2492
2492
2487
2517
2482
2492
2497
2487
2492
2497
2487
2497
2497
2492
2512
2482
2487
2497
2487
2492
2492
2487
2497
2502
2487
2502
2478
2492
2497
2492
2497
2497
2487
2492
2497
2487
2502
2478
2492
2497
2492
2487
2492
2482
2497
2492
2482
2497
2473
2492
2492
2482
2497
2497
2487
2507
2497
2487
2502
2482
2497
2502
2482
2487
2502
2487
2497
2492
2487
2502
2482
2492
2497
2487
2497
2502
2492
2497
2492
2492
2507
2487
2492
2497
2482
2497
2497
2487
2497
2497
2497
2502
2482
2492
2497
2487
2507
2497
2487
2497
2492
2497
2502
2487
2497
2502
2487
2502
2497
2487
2497
2497
2492
2502
2487
2492
2507
2487
2497
2497
2482
2497
2497
2492
2502
2482
2497
2502
2482
2497
2497
2492
2507
2502
2497
2502
2482
2492
2502
2487
2497
2497
2497
2507
2497
2492
2507
2482
2502
2497
2487
2492
2502
2497
2507
2492
2492
2507
2482
2497
2497
2487
2492
2502
2497
2507
2482
2497
2502
2482
2497
2502
2492
2497
2502
2492
2507
2482
2497
2502
2482
2497
2497
2497
2492
2497
2492
2507
2487
2502
2507
2487
2492
2502
2492
2497
2497
2492
2512
2482
2502
2502
2482
2492
2502
2487
2497
2497
2492
2512
2478
2492
2502
2482
2492
2507
2492
2497
2497
2497
2507
2482
2492
2502
2487
2497
2502
2492
2497
2492
2497
2512
2482
2497
2502
2497
2492
2502
2487
2502
2497
2502
2502
2487
2492
2502
2487
2497
2497
2492
2507
2497
2497
2502
2482
2492
2507
2487
2497
2497
2492
2502
2492
2492
2507
2487
2492
2507
2492
2492
2502
2492
2497
2492
2492
2502
2492
2492
2507
2487
2492
2502
2497
2497
2492
2492
2512
2487
2487
2502
2482
2492
2492
2497
2497
2492
2487
2507
2482
2492
2497
2487
2502
2497
2492
2497
2492
2487
2512
2482
2487
2502
2487
2502
2497
2487
2497
2497
2492
2507
2482
2492
2502
2492
2492
2492
2487
2497
2497
2492
2507
2487
2497
2497
2492
2492
2507
2497
2497
2492
2487
2497
2482
2497
2497
2492
2492
2497
2487
2502
2492
2492
2507
2482
2497
2502
2487
2492
2497
2487
2502
2497
2492
2507
2487
2497
2502
2487
2492
2507
2492
2497
2492
2497
2507
2492
2497
2502
2482
2497
2497
2487
2512
2492
2492
2502
2492
2492
2502
2482
2502
2497
2487
2507
2497
2502
2502
2487
2497
2502
2487
2502
2497
2487
2512
2497
2502
2502
2487
2492
2507
2487
2497
2497
2492
2507
2502
2492
2507
2487
2492
2507
2487
2502
2497
2492
2507
2502
2492
2507
2487
2502
2507
2487
2497
2497
2497
2512
2497
2497
2507
2487
2502
2507
2487
2497
2497
2497
2512
2492
2497
2507
2487
2502
2502
2487
2497
2502
2497
2507
2492
2497
2512
2482
2492
2497
2492
2497
2502
2497
2507
2492
2497
2512
2487
2497
2502
2492
2497
2502
2492
2512
2492
2497
2507
2482
2492
2502
2497
2492
2502
2497
2512
2482
2502
2502
2482
2497
2502
2497
2497
2502
2497
2512
2482
2497
2507
2482
2492
2507
2492
2497
2497
2497
2512
2482
2497
2502
2492
2497
2507
2492
2502
2497
2497
2512
2478
2492
2507
2497
2497
2502
2492
2502
2497
2502
2507
2482
2492
2502
2497
2492
2502
2497
2502
2497
2502
2507
2482
2497
2507
2487
2492
2502
2492
2502
2492
2492
2507
2487
2492
2512
2487
2497
2502
2492
2507
2497
2492
2507
2492
2497
2507
2487
2492
2497
2492
2507
2497
2497
2507
2492
2492
2502
2487
2497
2497
2497
2497
2497
2497
2512
2487
2497
2502
2492
2502
2497
2497
2502
2492
Step
2565
2697
2761
2795
2825
2825
2854
2854
2849
2869
2864
2854
2878
2869
2859
2869
2854
2864
2869
2859
2883
2878
2859
2878
2869
2864
2873
2864
2869
2873
2859
2883
2878
2859
2878
2869
2864
2873
2864
2873
2878
2859
2883
2873
2859
2883
2873
2869
2873
2859
2873
2878
2859
2888
2873
2864
2878
2873
2869
2873
2859
2869
2883
2859
2888
2873
2864
2878
2873
2869
2878
2859
2873
2883
2859
2888
2873
2864
2878
2878
2864
2873
2859
2873
2878
2859
2883
2873
2869
2878
2878
2869
2873
2859
2873
2878
2859
2883
2873
2873
2878
2873
2864
2878
2854
2888
2878
2864
2883
2878
2869
2878
2873
2869
2883
2859
2873
2878
2864
2883
2878
2864
2878
2869
2873
2878
2859
2873
2878
2864
2883
2878
2864
2883
2873
2869
2883
2859
2873
2873
2873
2883
2878
2869
2883
2869
2873
2873
2859
2873
2883
2869
2883
2878
2864
2883
2869
2878
2878
2859
2869
2878
2869
2883
2873
2864
2883
2873
2869
2878
2859
2873
2883
2864
2883
2873
2869
2883
2869
2864
2878
2859
2869
2883
2859
2883
2873
2869
2883
2869
2864
2873
2864
2873
2878
2864
2883
2873
2873
2878
2873
2869
2878
2859
2878
2878
2864
2888
2869
2869
2878
2869
2864
2883
2864
2883
2878
2864
2888
2873
2869
2878
2873
2869
2888
2859
2883
2873
2869
2883
2869
2864
2878
2878
2864
2883
2864
2883
2878
2873
2883
2873
2864
2878
2878
2864
2878
2859
2883
2878
2869
2883
2873
2864
2883
2873
2869
2878
2859
2888
2878
2864
2883
2873
2864
2883
2873
2869
2878
2864
2888
2869
2864
2883
2878
2864
2883
2869
2873
2878
2864
2888
2873
2864
2878
2883
2864
2883
2873
2869
2878
2869
2883
2873
2864
2883
2873
2869
2878
2869
2878
2878
2864
2883
2878
2859
2888
2878
2864
2878
2873
2873
2873
2859
2883
2878
2864
2888
2873
2864
2878
2873
2873
2873
2864
2883
2878
2859
2888
2878
2864
2878
2878
2873
2878
2859
2888
2878
2859
2878
2873
2869
2878
2873
2869
2878
2859
2888
2878
2864
2883
2873
2878
2878
2869
2873
2873
2859
2888
2883
2864
2878
2873
2869
2873
2869
2873
2883
2859
2888
2873
2864
2878
2883
2869
2873
2859
2873
2883
2859
2883
2873
2864
2878
2878
2864
2873
2859
2873
2878
2859
2888
2873
2869
2883
2878
2869
2878
2859
2878
2878
2859
2883
2878
2873
2878
2873
2869
2883
2859
2878
2873
2859
2883
2878
2869
2878
2873
2869
2888
2859
2878
2878
2859
2883
2878
2864
2883
2873
2869
2883
2859
2873
2878
2869
2883
2878
2864
2878
2873
2873
2883
2859
2869
2878
2864
2883
2878
2864
2883
2873
2878
2883
2859
2873
2878
2869
2883
2878
2869
2883
2873
2873
2878
2864
2869
2883
2864
2878
2873
2864
2888
2873
2869
2878
2859
2869
2883
2859
2883
2878
2864
2888
2873
2869
2878
2864
2869
2878
2869
2883
2873
2873
2883
2869
2869
2878
2869
2873
2878
2859
2883
2873
2873
2883
2873
2869
2878
2864
2869
2878
2864
2888
2878
2869
2878
2873
2869
2883
2864
2873
2878
2869
2888
2869
2864
2878
2873
2869
2888
2859
2869
2873
2869
2883
2873
2864
2878
2878
2864
2883
2864
2873
2873
2873
2888
2873
2869
2883
2873
2869
2878
2859
2878
2878
2864
2888
2878
2869
2883
2873
2864
2878
2859
2883
2873
2864
2883
2878
2869
2888
2873
2869
2873
2859
2878
2873
2864
2883
2878
2864
2883
2869
2869
2878
2869
2873
2873
2859
2883
2883
2864
2883
2873
2869
2878
2869
2873
2873
2859
2888
2883
2869
2878
2873
2873
2878
2859
2878
2878
2859
2888
2878
2864
2883
2878
2873
2873
2859
2873
2878
2864
2888
2873
2869
2878
2873
2873
2878
2864
2888
2883
2859
2888
2873
2864
2869
2873
2869
2878
2859
2888
2878
2859
2883
2873
2869
2873
2873
2869
2878
2859
2888
2878
2859
2883
2873
2873
2878
2873
2873
2878
2864
2893
2878
2864
2878
2873
2873
2878
2873
2869
2883
2859
2888
2873
2864
2883
2878
2864
2878
2873
2873
2883
2859
2888
2878
2869
2878
2878
2869
2873
2869
2873
2883
2859
2883
2878
2873
2878
2873
2869
2878
2869
2878
2883
2859
2883
2878
2869
2878
2878
2869
2883
2869
2873
2873
2859
2883
2878
2869
2883
2873
2869
2883
2864
2873
2878
2859
2888
2888
2864
2883
2873
2869
2883
2869
2869
2878
2864
2883
2878
2864
2883
2873
2873
2878
2869
2873
2878
2869
2883
2878
2864
2888
2878
2869
2883
2873
2873
2878
2864
2883
2878
2864
2888
2873
2869
2878
2869
2873
2888
2869
2883
2878
2864
2888
2869
2869
2883
2873
2869
2888
2864
2883
2878
2873
2883
2873
2869
2878
2878
2869
2878
2864
2883
2873
2878
2883
2873
2864
2878
2864
2869
2878
2859
2888
2873
2873
2883
2873
2864
2883
2864
2869
2873
2864
2888
2873
2869
2878
2873
2869
2888
2864
2869
2873
2859
2888
2878
2864
2883
2878
2869
2883
2859
2873
2873
2869
2883
2873
2869
2883
2878
2864
2878
2859
2873
2873
2873
2888
2873
2864
2883
2873
2864
2883
2859
2878
2878
2869
2883
2873
2864
2888
2873
2869
2878
2859
2878
2873
2864
2888
2883
2869
2893
2873
2869
2878
2864
2878
2873
2859
2883
2888
2864
2883
2873
2869
2878
2869
2873
2878
2859
2888
2878
2864
2888
2873
2869
2878
2864
2873
2878
2864
2888
2878
2864
2883
2878
2878
2878
2859
2873
2873
2869
2893
2878
2869
2883
2878
2873
2878
2859
2873
2878
2859
2888
2878
2864
2878
2878
2869
2878
2859
2873
2888
2864
2883
2873
2869
2878
2883
2869
2873
2859
2883
2878
2864
2883
2878
2873
2883
2878
2869
2878
2859
2878
2873
2859
2893
2883
2873
2878
2869
2864
2873
2849
2878
2873
2854
2873
2873
2869
2878
2873
2869
2883
2859
2873
2883
2864
2883
2883
2869
2878
2873
2869
2883
2859
2873
2878
2864
2883
2878
2869
2883
2878
2873
2878
Step
2937
3025
3069
3088
3108
3108
3093
3123
3118
3118
3123
3118
3123
3123
3118
3123
3128
3103
3132
3123
3118
3123
3118
3128
3128
3118
3128
3123
3108
3132
3118
3113
3128
3128
3132
3137
3118
3128
3123
3108
3132
3123
3118
3123
3128
3128
3132
3118
3128
3123
3118
3132
3128
3113
3128
3128
3128
3128
3113
3132
3128
3118
3128
3128
3113
3132
3128
3128
3123
3113
3137
3128
3113
3128
3123
3118
3132
3128
3128
3128
3113
3137
3123
3108
3128
3128
3113
3132
3128
3132
3123
3113
3132
3128
3108
3132
3132
3113
3128
3123
3137
3123
3118
3132
3128
3113
3132
3132
3118
3128
3128
3132
3132
3118
3128
3123
3108
3132
3128
3113
3128
3128
3137
3128
3113
3128
3128
3108
3137
3123
3113
3128
3123
3137
3123
3108
3132
3132
3113
3132
3128
3118
3123
3132
3132
3128
3108
3132
3132
3108
3128
3128
3118
3123
3132
3128
3128
3108
3132
3128
3108
3128
3128
3123
3128
3123
3128
3123
3103
3132
3123
3103
3123
3118
3123
3123
3118
3128
3128
3103
3137
3123
3103
3123
3123
3118
3128
3123
3128
3128
3103
3128
3123
3108
3123
3128
3113
3123
3123
3132
3128
3103
3128
3123
3108
3128
3128
3118
3123
3123
3132
3128
3103
3123
3123
3113
3118
3128
3113
3123
3123
3137
3128
3103
3128
3128
3113
3123
3123
3113
3132
3123
3132
3123
3103
3123
3132
3108
3128
3123
3118
3132
3118
3128
3123
3108
3123
3132
3113
3128
3123
3118
3132
3118
3132
3128
3113
3132
3132
3108
3128
3123
3123
3132
3123
3132
3128
3118
3128
3128
3113
3128
3123
3128
3132
3123
3128
3128
3108
3128
3128
3108
3132
3123
3123
3128
3123
3132
3137
3113
3128
3123
3113
3137
3123
3123
3128
3123
3132
3137
3108
3132
3128
3118
3132
3128
3132
3128
3132
3132
3128
3108
3128
3123
3118
3128
3128
3132
3128
3123
3128
3123
3108
3137
3128
3118
3128
3123
3128
3132
3123
3128
3128
3108
3137
3123
3113
3128
3128
3128
3132
3123
3132
3123
3113
3132
3128
3118
3128
3128
3132
3128
3118
3128
3128
3118
3128
3123
3113
3132
3132
3128
3128
3123
3132
3123
3118
3128
3128
3113
3132
3128
3128
3128
3123
3137
3128
3113
3132
3123
3113
3137
3123
3128
3128
3123
3132
3128
3108
3132
3128
3113
3137
3128
3132
3123
3128
3132
3123
3108
3128
3128
3113
3128
3123
3128
3123
3128
3132
3128
3108
3128
3128
3108
3123
3123
3137
3128
3128
3128
3123
3108
3137
3128
3108
3123
3123
3137
3128
3123
3132
3128
3108
3137
3128
3113
3128
3128
3132
3128
3123
3128
3132
3108
3128
3123
3113
3123
3128
3132
3123
3118
3132
3132
3103
3128
3123
3113
3123
3132
3132
3128
3123
3132
3132
3108
3128
3123
3123
3128
3128
3132
3128
3118
3137
3123
3103
3128
3128
3123
3128
3128
3132
3128
3118
3137
3123
3103
3128
3128
3118
3123
3123
3132
3132
3123
3132
3128
3108
3128
3132
3118
3123
3128
3132
3132
3118
3128
3128
3113
3123
3132
3113
3128
3123
3137
3128
3113
3128
3123
3118
3132
3132
3113
3128
3123
3142
3128
3118
3128
3128
3108
3128
3123
3118
3132
3123
3137
3132
3118
3128
3132
3113
3128
3123
3118
3137
3123
3132
3128
3123
3128
3132
3108
3128
3123
3118
3132
3123
3137
3128
3128
3123
3132
3108
3132
3128
3123
3123
3123
3132
3132
3128
3132
3128
3108
3128
3123
3128
3132
3123
3132
3132
3123
3128
3123
3108
3132
3123
3113
3132
3123
3132
3137
3113
3128
3123
3108
3132
3118
3118
3128
3128
3128
3128
3108
3132
3123
3118
3132
3123
3118
3128
3128
3128
3128
3108
3128
3123
3118
3123
3123
3118
3132
3128
3128
3128
3108
3132
3123
3108
3132
3128
3118
3132
3123
3128
3128
3113
3132
3123
3113
3128
3132
3118
3137
3123
3132
3123
3108
3132
3118
3113
3132
3137
3118
3128
3123
3132
3128
3118
3128
3123
3108
3132
3132
3118
3128
3123
3132
3123
3113
3128
3123
3113
3137
3128
3118
3128
3128
3128
3118
3103
3132
3128
3113
3137
3128
3118
3128
3123
3132
3123
3113
3132
3128
3113
3137
3123
3118
3128
3132
3132
3123
3103
3132
3132
3103
3132
3128
3118
3128
3132
3132
3123
3108
3128
3128
3113
3128
3123
3123
3128
3128
3132
3128
3108
3137
3128
3108
3128
3123
3123
3123
3123
3128
3132
3108
3137
3128
3108
3128
3132
3123
3128
3123
3128
3132
3113
3132
3123
3098
3123
3128
3118
3123
3123
3132
3132
3108
3128
3128
3118
3128
3132
3118
3128
3123
3132
3128
3108
3128
3128
3118
3128
3123
3123
3128
3118
3142
3128
3103
3128
3128
3118
3123
3128
3132
3132
3123
3132
3123
3113
3132
3132
3113
3128
3123
3132
3132
3118
3132
3128
3108
3132
3137
3113
3128
3123
3128
3128
3123
3137
3128
3113
3128
3128
3113
3128
3123
3137
3128
3123
3137
3128
3113
3128
3128
3113
3137
3123
3137
3128
3123
3128
3132
3113
3128
3128
3113
3132
3123
3137
3128
3123
3132
3132
3113
3128
3123
3113
3132
3123
3128
3128
3123
3132
3137
3108
3128
3128
3118
3128
3123
3128
3128
3132
3128
3132
3108
3128
3123
3118
3132
3123
3128
3128
3123
3128
3132
3108
3132
3123
3118
3128
3123
3132
3132
3123
3128
3132
3108
3137
3123
3118
3128
3123
3128
3142
3123
3128
3128
3108
3132
3123
3118
3132
3128
3128
3137
3123
3132
3123
3113
3128
3123
3113
3128
3132
3132
3128
3123
3137
3128
3118
3132
3123
3113
3132
3132
3128
3128
3123
3137
3128
3113
3128
3123
3113
3132
3128
3128
3128
3123
3137
3128
3108
3132
3132
3113
3137
3128
3132
3128
3123
3132
3128
3108
3132
3132
3113
3128
3123
3128
3128
3123
3128
3113
3093
3123
3123
3103
3128
3118
3128
3123
3123
3128
3123
3103
3128
3123
3103
3128
3123
3132
3123
3118
3128
3123
3103
3137
3128
3108
3123
3123
3132
3123
3118
3128
Step
2805
2370
1979
1642
1363
1124
938
782
659
557
478
410
356
312
268
239
215
190
175
156
141
136
127
112
112
102
92
87
87
78
78
73
73
68
63
63
58
58
53
53
53
48
48
48
53
48
43
48
48
43
43
39
43
39
39
43
39
39
39
39
39
34
39
39
34
39
34
34
34
34
29
29
34
34
29
34
34
34
29
34
34
29
34
29
34
29
29
34
29
29
29
29
34
29
29
24
29
29
24
29
24
29
29
29
29
29
24
24
24
29
29
29
24
24
29
24
29
24
24
24
24
29
24
24
29
24
29
24
24
24
24
29
24
24
29
29
24
24
24
24
24
24
24
